h

11111 cccccccccc, 11111111 chrichl- 8111 118111 11, 11.
111111 11111111 188,18.1111111 811111 Archiae 1111 181, 11.
1181111111 181, 1. 8111, hihi Peloponnesi, 1111111111
811111111 18, 8 1. c. 8111. 1811181111 88, 7.
811111 sacellos 11, 8. Byzantium hrhs cochilcih ih, 1.
1111111 soclus 81111111 v. 1. 11111811. ,’
1111111 1111111188, 7. χ
Ι8111 lyrica 88, 11. 0·

8181111181 conlita 81, 11
, Β. 811111, 8,111111,8111111111118111
ccciiii 18,1.1111111111111111
818111. Babylon 88, 8. 1711111111 111181111111111111111111.18.

11111 111111 11, 11. 18111111 11111118111. 11.

1111111111111111111,11. , 81111111, 1181 8111111111, 1111111
8111111, 8111111111 11., 1118111111 “ 11, 8111111 1111111111111188, 8.
. 88,18, 81111111 Philippi, 1111 8111111111,
8111111, 811811 11., 111 8111111 1111111 118, 8.

88, 18. 818181 111111. 17, 8.
8111111111 8111111. 8111111(1111111) 8111111111. chi· ·
⁴ 811111811111811111188,1. 111111 187, 1.

81111 1111881111 111 87, 18. 81]1111,111111181111(81111),1111111
8111111 Assyriae ccx 11, 18. episcopus 181, 1. 188. 8.
Baltasar, 111 8111111111 ilhnic! 8111118111111. 8, 18. 11, 7. -

1111111111111111111, 11. ’ ccipias, 1111111111 11111111, 1111
818111111181111187,18.11111 11111111 historice 11111111
811111 propheta 17’ 11. 11, 1. 118, 11. 188, 8.

8111111111 111 11111188,18.81111 (81111111), 11111111. 811111.
81111111111111111111811.18,8.111,11.
811111111111111 11, 1. , 81111(81111)8111111111. 11811111
Belus 111111 11. 18, 8. 187, 8. 11. 81111 cclcc. 1. 1.
81111111 18111118118111111. 188, 8. elichus.

8111111811 ch 1111111111 11111111 81111111 1111111111 11111111 71,11.
·- 81, 11. . 811111111111 811111111111181.
8111111111 viciis 8111111111 181, 1. 11, 18. . ‘
· 8111811181,8.,781.8181181111111 111111111111111
8118118111 8111111111 Philadelphi 81,1 chilias cclchcr 118, 18.

¹⁰· 81111111 1181 1111111 1111111 1111- ¹

81111111 1111 11111111 8,1 11. 111111 11181, 11. .
11111 1111111111 111, 11 17 11811111 81111 episcopm 1811.

 

