24

3111141414114111 11411 47, 13. ὶ11141411411111111 143, 15. 11

“ Symmachus 1111141141 4111414114. ermengerus 1111111444 147,

157, 4. , 14. 14 4114 ,111444114111444152Γ
31111411143111111114411143,15.4143111111 143, 4. 441141411
111111141141431114. 14 44114144 153,3. 1111441411 11 111111

h 1111111144, 4314144111 145, 2.1111414111111,11111145

14111144 1114411144, 17. 1111· 4341141 153, 14. 11 regione

1114147, 14. 14114414 1111111147, 4111 11 3144411 135, 4.

11. , 441441444132,10.”

Syru 4 81141111 4411114111 44, 13. 44144414 31114141 4111111414 31, 1.
· Thura 11144111 41. 15, 15. 17, 4.

441141, 4141141411 1141414 4441- ”

Τ. · 411, 144411431, 11.

44141 44 4111114414 11. 4111444141 “

4111141 11411111. 114414. 14,14. 133, 54, 5.
’ 41444414 4111411411414. 4414111 41111111 11111153, 13.
Tarentum, 4141 (111111 mugnus, 4 4414111.4414414111444411111141
311141411114441114144, 14. 33, 4.
4111111141311111144,11. “ Theodorus 114141 41, 4.
411141411 Phoroneum 41114 111111441 Theodorus 1111141141, 4141111134 4
24, 4. 441441114141141, 11111111. Rom. 24. 1.
Telesphorus house 1111114141 144, 7. Theodosius 41441, 1411414411 2112.
’ 41441 (11. 414411), 4141 11411, 4414141141 111, 141111. 11141 24, 4.
terre 441411141111113,1. 44144114111414111 episeopus 131,
4141114 31144444 1414111414 34, 3133, 4. .-
4.1111444111111441114441111143, 4414141141 441141411 1111141141 153,
411114141414111144, 14. 114- 3. 4. .
4111441141 111114 regui 41141 41, 441414114141111111111 11114411 144, 4.
3. 1141444141 14 44114144 411-44141114441 44111441 (Cusurere) ‚
144414414411111114 14141- 111114111132,14.
111 44 1111441 72,.5 44114411111 1411151, 13 44, 4.
41111 44141, quo 4111141111111141 44111111123, 13.
·,52 1441443111111311114141- 441114144111111,1114111,111 411141’“
41414153, 7.14 Curis 11 414444 11141414114411111141411114144-Ι
11, 14. 47, 2. 71, 14. 11 cypro 11141, 12. 3111114, 4111411111-
74, 2. coh 73, 2.11 4111 114- · 11441114114411.
= 1411414114, ouo 11111 414111111- 4411441, 111 4114141411, 341411144
rentur 111, 14. 411111, ruo 111111441111,11. ·
christus 11411 414141 11114414. 4441114411 17, 14. 33, 4.
11. 14 4114, 1111141111114111,144

 

 

