, 111111,

Aaron, portttex prtmus 1111111111 1111111. 11111111.

' 21,11. 1111111131, 7. 1111111111111111115,11.“18.11

Abdere, 1111 Thraciae, 1111111115, 12. 1111111111111111111111111111111
1111111111111111,111111111111111 prturus 21, 15. 'Aegyptum pross-

, reges ret imperatores 11111111 1111111111111111121, 3.

1111111181, 17. 1111111111111111 Decius 11111. 118,
1111, 1111111111, 111111111111, 1. 13.

Α 11111, (1111111111111 11111111 11111111111111111115, 10. .

vocatur) 11111 17, 11. 31, 1. 1111111111 Aegyptt regtue 18, 8.
Abel charmin, urus 111111111111 111111. 111111.

33, 11. 11111111111111 3, 1. 11, 5. 11.
Argutus 11111, 111111111117, 1. 11111 5, 17. 11 11111111 11111111·
1111111,1111111111117, 15. 11111 111 sepelitur 1111. 11 111 1111

1111111. 11, 3. corpus 1111 1 1111111111 1, 11.
Augaeus Suruuetru, 1 1. ruber, rer tu 11111 transfertur 10‚. 17.

11. 11, 3. Aegre, 1111 Lydiae, 111111 11111
Augaeus 11111111, 1. 1. ulger, rex 11111111118,11 (111. 111111).

81. 117, 8. eptstutuur 1111111 mttttt 1111111111, regtu pertusurae ’1111-

110, 1. 1111 111.

Augurius, 1111111, 1111112111. Aegyptus 111 31, 1.
1111111,1111111111.,111111.113,5. Aegyptus regtu, 1111 1111131, 1.
1111111, urunt 11., 11111 111 111. 1111111 111111, cujus 1111111111 “

151, 17. ¹ 11111 ructor, 111 Aphoptrts 25,

Augaeus Seuerus, rex 111. 151, 11. 1111111111 11 1111 53,15.

’1111111111111111 18, 1. 37, 3. pestt 11111111 vexetur 171, 12.

11111111 ponerer 31, 12.
1111111 eptscopus 118, 1. 181, 1. -
11111111111111 17, 1111111111111 Aegyptus 1111111 31, 1.

tratres 1111111 33, 1. 111111111 Ι,111111 trojanus 31, 12.

tpse 1. 1. 1111111111111,11111111111111,1.

111111111111 111111111111111111 <

 

