7,

1100111111, 01110 01011110, ’00001111 11, 0. 0011101110 0101011000 100,·11. 100, 0.
0100000010101110110100,1001· 10111101 000111 110001000110110101
01111 1001 110011οσ0 1100οω100011 18, 0.
seruatus, 10 aulus 10111010 111110- chananoeo (11110010100111011100)
11110011100110101100,10.0011000100
110110 111010001101. 001000000 101, 0. 11100100 Aegypto 101 10, 11.
t'auttottuor 1100110 10011011011110111 (1000000100 Aegypto 10118,10.
44, 0. 00 ,00010 1101011, 1010 tu· 0000000100, Ρ11011001111010001,11001
00001001 0111001001 100, 11. 10010110 01111111, 1. 0.
11110010(00101101)1000100 11,11. Cherronesus, 0100 01011110, 0000111
’ 1,·1111 101110 motu 0000111101 0011. 44. 4.
t'artuus 10100111. Roman. 183.11. 11111111 10001001,000110000001 oroa-
· 0001011111 1. 10. 011. 1101. 11111. tour, 011111 10001111018,1.10,0.
1111010100οεεο 0001 11110100 01101· 0110000001 10, 111011101-
010100, 0. eorum 0111101000· 111111,1,110111111, 10. 111011
0111 01010111. 00, 10. 18, 10. 01, 1. 00011 10, 1.
carthago (carchedon 01 0111011001) 1000110010, 001 1101001001, 01111010
0100 181, 10. 10. 101, 0 0011 0010, 101010000001000010110110

11101110 0000111 00, 1010100- 0010011000, mutto 10111 101011105, -

00 00,Ι 18. 1010101 0 80101000 10. ,
“ 00, 0. 10110110 11010111 00, 10. curtatus 0100110110, 1. 011010110 01
Ἰ10001000 (coronetur) 1111100 03, 0110101010 0001110101011111111011

10. 00,10. . 110, 1010000100 010011001010
Carus 10001. Rom. 10, ,10. 180, 11. 010010οε0 1000111 110, 8. 10111-

000101101 Ι. 10. 011. tuot. 10 t. 11. 0011 10100010 010010οι0 01111 Ι. 10.
01111111101110) 10010000 01 1111- 011000 01000011 111, 1.

010110 0011001010100111, 1. 1111100 agon 01,1.1011100001.
1110011000 (1) 01010001. 00101011. 101, 11100100 1, 10011. 1100110.10,0.

0. 011. 001. 1011. 111,11. “
murmurmurmur. 01111100 11, 111001. 11001. 10,11.
casua 1110010110, 0. · 181,1.
111101, 0100 0100110,000111111,10. 01001000 1101010 001010οπ0 118, 11.
0001000 00101 18, 0. 1100011111011011 100101 10, 0. 08,
10111100 umorue 0010000. 100, 0111110110 01 ,11101101 101110-

10. 0101001011 10, 10. auur 0111010
cottae 111 000101001110111 00, 0. 010011 1101011 11111101 100111 10,
· 00001000 011100 01100101 1000011 10. 11001101000001110111, tt.
100, 11. 1100111111, 1011000111. 1111, 01101110-

. 11110 111011111110 0010010. 101, 10. 1111010111ιο 01, 1.

00100 0110100011 100, 11. ..

 

