1111111111 111 1111111111 (1111111111), Rama 1111 11111111 11, 11. 11111 aa
1111111111 11, 1. 17, 111 11111111 111 apparent 151, 11.
monacorum- 111 11111111) 1111111111 1111111111111111 1111111111 11, 11.

111111171,1.111111111111111111.7. Antiochum 11. nella 11111111 111·
11111111 11111111111111111 1111111111 111111111111111 11111111111,
157,1. 181111111111 11111111111111111
1111111, 1111111111, 11111111 1111111111 111111171, 12. cyna.-
oonoltl 5ο, 12. 11111111111171, 1111111111111
Pylnaporas pnrlosopnrs 51, 1111- 11111111111111111. 7.
11111111111111 1111111111 aro· 11111111,1111111111111111111(111-
1111151, 10. naal) appellantur 111111, nonan
Pythagoreorum 11111111111111 naara· 11111111, 11.
. 111-1111111111, 1. 11111111 Sylla 1111 111, 15.
111111 1111111111, 7.
11111 1.1. 11111.

01111 118, 11. Ι.

1111111 1. s. lpslaa.

111111111111111111 lanea 71, 1. 11111111111111111. 1.. Δ
11111, 1111111111111, 11. 11, 11.

8111111111 11111151, 13.
11. . 81111111, 1111 11111, 1111111111·
1111511.
Rapo (11111111. 111), 11111111 11. sallon, arar 11111111111111111 11
15, 5. 11, 11. 11111, 11111111111111 111111 11, 2.
1111111. 1111111111177, 11. salmanassar, 11111. 111, 111111111-
1111111111111 gens 128, 5. 111 1111111111 capulos 11111·
1111111111 111 1111111111 11, agn, 111, 111111111111111111111111·
13, , · 11111 1111111111 111111 11, 1.
111111 111. 11111111. ’ 8111111111. 111.
111111, 1111 Damasci, 11111 11111111- salome, 1111111111111 11. 115, 18.
lana 11111 12, . 7. 11111111111111. 11118,2.11,1.1111·
1111111111 supplantas, 1. ’ 1111111111111111111111111. 11.
1111111 1111111 lanta 111111 11111 oon- Sarrana 11 Alexandro 111 1111111 11,
111111, Ι11 colossas 11111111 111, 111111111111111111111111, 11.
121111 111111 malm 11111111 17, 11111111111111111111111111111111
a. 71, 18. 11. 1. 1111111111 sala 1111111
mall 1111111111, 11111111 111 11·Ι 111, 11. aa 1111111 1111111111 1111111
1111111111111111111111111111811. 11111111, 11 17. 71, na. 111,

 

