la

11111111, 10. Mammea, Alexandrl 11111. malet
Lynceus 11111111 11. 311, 11. 11181111 11111111111111111. 11.
11111111111111, legales 1111111 11- Marassa lulaear. 111 18, 1. 11,-1.

laos rebellantes 111111 mellaque 11111111 111111131111111111,11.

111111111111111111 153, 11. 11 11111 1111111111115, 1. lm·
Lyslmaclrla, 1111 1111111, conella 1111111111111111.1111111111.

11, 13. 111111111, 7.
1111111111,11111111111111 11111111 marasse, 11111 111111, templum 11

111 11, 10. Garlzlm 11111153, 18.

Marassa 1111111111. 13, 3.
fl. 11111111111111111 181, 1.
1111111111 181,1.
11111111111111·17,1. 1111111111 ln Slellla (7) 1111111
maanus 1111111111. 18,1. 13, 17.
1111111 3111111111, 111 llll. 71, 1. 11111111111111111111111. 181, 3.
1111111,111111111.,111 llll. 122, 12. 111111111111111. llem. 11, 3.
⁸ 1111111, 111111 precem, rex llll. 1111111111(1111111)1111111111111111.
122, 12. 111,11.· .
1111111, 1111111 11., rex 1111. 115, 11111111111111,1111111.,1111111111

18. 111, 11. 128, 11.

1111111, 11111111, 1111111.153,11. 1111111, 11111111. 11111111 11111111
1111111, 111111 31111111, 111 1111. 1111111111 111, 1.

1111, 15. Ι 1111111111, 1. q. ll. ,11111111 11.
111111111111111111.1111111. 111, 11. 1111111 118, 11.

117, 7. 111111, gers 1111111111 casplerm
1111111111 111111111111111 111, 11. 1111111111, 17.
11111111111111111111111111) 33,11. 11111 111111 211, 2. 1111111111
111111111111111.1111.11, 10. 113, 111, 11.

15.1111111111111111111111.11. 111111,11111111111111’1111111,11111
11111,1111111111,111“11 Persarum 111111111311,1.111,7.

post Cambysen 1111111111 11,1.1111111111111111111 111, 1.

1111111111111111 111 1111111111· 11111111 (1711111111) 1111 ealles

emallum 111111111 111111111111 11 1111111112.

1111111111 73, 111-111, 10. 1111111111 1111111111, 11111 1111-

111111111, urbs 1111(111.)11111- calamorum, 11111 1111111111
· 1113113. terrm 1111111111 11, 17.
. 117, 17.11111111111111111111111111.1’.11 7.
1111111111. 1111111111. 7111111111(111111111111), 1111111111.
lhlrlalael 11111111 1111, 11 11,8.11 111.

11111111111111111111111111171 0 ,

 

