· θ

colossae, 1111 9111111111111111· 1. sios 111111 11111911111111

11 11111111 199, 19. 197, 9 11.

91111111 11111 111111 1111111111 9111111, 1111 1111111, sisoim 11·
93, 19. 111111, 1111111 11, 19.

1111111111 11111111.1111.19,9.199, 911111111 91111111 1111111 11, 19.
3. 911111111111111111111199, 1. ’911111111111111199 9.

⁴ 11111111111911111 111 91111111 19111111.

91111111 111111111111 199,17.111.111.19.· ,
111111 1111111 11111111 119, 9. 91111111 11111111111911111111199,9.
1111111111 1919. 9111111111· 911111111111111 episcop. 179, 11.
111.) 191, 19111111111111111 9111111111 111111 1111111111 iim

, Ρ1111119111111111111199,9. 11111719 ι’
11111111,11111111111.11.,.111111.1111111111111111111,11.

- 19,19. 91111111111111199,19. .

9111111111,1111191111111111 ii. 11 911111, uris 911111111111111, 7. ’
1111111111199,1. 911111,11111111ι11111111113919.

9111111111 i, 9111111111 11.,1111· Cyme, 1111 Aeolidis, 111111 moto
Rom. 19, 19. 197, 1. 1111111111- 1111111119, 9. 199, 7.
1111111111 111 911111111111111· 111111111111111111911111111111191,
quitor 197, 11. 11111111111111199, 11199, 9.
9. 111 1111111 cossa 1111111111, 9111111111, 1 911111111111111·
1111111111 puerorum ss 111111 111- 1111191,“1.1111111ιο11 1111111-
1111.191111111111111111199,11179,9.117,11.
-1.111111111111111111111111111911111,1111111111,111111139,9.
111111111111 1111111111, 11111111 11111119,3.193, 13.
1111111199,911111119111·91111111.1191111111111111.191,1.
11111111111111111111111111111111-199,7.
111 199, 11. 9111111111 impo- cyros 1111111111 111 111111111111· “ ,
rium 1111111191, 11. 1111111111 111 regnoque 111111911119, 19.
mortui 111111111111111111193, ludaeorum captivorum ingeniosos· -
111111111111111, 1111111111 morum 1111111111 1111111111-
111111111111111 199,7.11111111 1111111111.11111111111111111
111111111111111111111111111111- 9119.

1111. 9. 9111111,11111111111111111111111-

, 1111111111εῇ 1111111111. 99, 7. 111, 1111111199, 9.-19,3. o
9111111111111 , 1111111111. 99, 7. 11111111111111171, 11. ’

(1111111111 11111111. 1111. 99, 7.

911111111119, 111111. Rom, 99, 19. ῃ.

coustantius, Coosiooiini ii. 11111,
11111111 9111111(1)111111191, 11111 11111111 vicii 119, 7.

 

